	sample	station	Group_name	layer	size_num	size	group	latitude	longitude	time	bottom	depth	ZML_TS	Ze	ZCM	ice	air_temp	water_temp	conductivity	salinity	PAR	surf_PAR	oxygen	O_saturation	beam_trans	NH4	NO2NO3	PO4	fluorescence	Chla	Pprod_Sun	Pprod_PAR	Pprod_PAR_20	Babun	Bprod	Observed	Chao1	se.chao1	Shannon	picoDiversity	nanoDiversity	microDiversity
A.DCM.0.2	A_DCM_0.2	A	Gerlache	DCM	0.2	pico	0	-64.54076	-62.37334	310.483787	740	45.545	24.754	49.505	30.694	0	-0.5	-0.4028	28.113623	34.1966	13.928	1085.2	6.2321	8.14088	98.5873	1.27	30.87	3.29	0.7392	0.52	 	 	 	158413839.9	3.64	1120	1910.030612	91.91560294	3.357687566	1120		462
A.Surf.0.2	A_Surf_0.2	A	Gerlache	Surf	0.2	pico	0	-64.54078	-62.3734	310.486717	740	0.991	24.754	49.505	30.694	0	-0.5	-0.6311	27.769273	34.018	965.28	920.13	7.0067	8.20035	97.8965	1.38	29.97	3.03	0.1508	0.5	 	 	 	136414934.3	4.07	1294	2060.107296	84.89243439	3.898367988	1294		618
B.Surf.0.2	B_Surf_0.2	B	Palmer	Surf	0.2	pico	1	-64.82037	-64.07356	312.875765	640	0.989	15.842	38.615	16.833	0.9	-1.2	-1.3715	27.037426	33.8567	827.51	472.37	5.9068	8.37324	98.7673	 	 	 	0.3114	 	 	 	 	 	5.56	1029	1727.039326	85.63751404	3.349097044	1029	1037	687
C.DCM.0.2	C_DCM_0.2	C	Palmer	DCM	0.2	pico	1	-64.89636	-64.2025	315.479641	799	29.703	11.882	53.464	40.595	1	-1.4	-1.3452	27.08685	33.8767	37.213	741.52	6.75	8.36615	98.8663	1.35	31.4	3.07	0.3728	0.22	0.626	1.222	0.238	155286703.5	1.68	1032	1626.966346	71.6770628	3.288365448	1032	1386	714
C.Surf.0.2	C_Surf_0.2	C	Palmer	Surf	0.2	pico	1	-64.89646	-64.2025	315.480951	799	0.991	11.882	53.464	40.595	1	-1.4	-1.6132	26.647564	33.5915	622.9	716.75	7.1019	8.44376	98.4833	1.48	30.86	3.03	0.2463	0.43	1.041	1.826	0.973	142558493.3	7.85	1112	1666.06422	66.75860102	3.673324311	1112	1366	676
D.50m.0.2	D_50m_0.2	D	Palmer	DCM	0.2	pico	1	-64.95172	-64.30877	315.97204	1405	49.506	14.852	55.445	13.863	0.9	-1.5	-1.6027	26.944004	33.9598	1.7614	146.7	7.2197	8.41926	99.4372	 	 	 	0.2312	 	 	 	 	 	1.61	1130	1659.593301	65.20809066	3.869819344	1130	728	697
D.15m.0.2	D_15m_0.2	D	Palmer	Surf	0.2	pico	1	-64.9517	-64.30869	315.973227	1405	14.852	14.852	55.445	13.863	0.9	-1.5	-1.794	26.635827	33.7716	21.099	142.06	7.2513	8.47421	99.0989	 	 	 	0.3166	 	 	 	 	 	5.01	1177	1936.562791	86.44116385	3.7983071	1177	1090	742
E.DCM.0.2	E_DCM_0.2	E	Grandidier	DCM	0.2	pico	2	-65.23862	-64.19868	317.344075	175	14.852	17.825	58.412	6.933	0.7	-1.2	-1.4048	26.8726	33.6584	10.259	84.55	6.4325	8.39255	98.5756	1.31	30.51	3.16	0.4742	0.33	1.051	1.481	0.467	122173047.6	2.26	1296	2102.539419	87.5849798	3.77925379	1296	1479	452
E.Surf.0.2	E_Surf_0.2	E	Grandidier	Surf	0.2	pico	2	-65.2386	-64.19871	317.3457	175	0.992	17.825	58.412	6.933	0.7	-1.2	-1.407	26.863202	33.6567	45.909	93.36	6.5109	8.39314	98.5552	1.33	30.86	2.94	0.4204	0.39	1.091	1.79	0.737	92386095.07	3.26	1277	2082.055794	88.37852013	3.700324401	1277	1382	506
G.DCM.0.2	G_DCM_0.2	G	Grandidier	DCM	0.2	pico	2	-65.49264	-64.54692	319.341426	175	34.652	13.862	70.289	8.91	0.7	-1.5	-1.4408	27.040816	33.9186	4.0854	126.57	6.3669	8.38514	99.0836	1.22	30.69	3.25	0.1776	0.1	0.39	0.354	0.202	111458665.3	0.61	966	1534.167568	71.57519757	3.14555395	966	363	692
G.Surf.0.2	G_Surf_0.2	G	Grandidier	Surf	0.2	pico	2	-65.49254	-64.547	319.34335	175	0.991	13.862	70.289	8.91	0.7	-1.5	-1.6492	26.749904	33.7745	64.818	143.25	6.4775	8.44097	98.967	1.3	30.15	3.16	0.1779	0.19	0.296	0.475	0.457	108744279	1.16	1177	2060.575	100.1241196	3.421128987	1177	1306	923
H.DCM.0.2	H_DCM_0.2	H	Offshore	DCM	0.2	pico	3	-65.00782	-66.3749	323.351825	432	29.703	19.802	52.474	32.675	0	-1.1	-1.2309	27.234178	33.9495	6.1034	689.81	7.7771	8.33626	97.6316	1.3	28.54	3.39	0.8836	0.46	3.385	4.39	3.372	223402144.3	4.19	1139	1697.641593	66.48390685	3.670646106	1139	1209	600
H.Surf.0.2	H_Surf_0.2	H	Offshore	Surf	0.2	pico	3	-65.0079	-66.37487	323.353249	432	0.989	19.802	52.474	32.675	0	-1.1	-1.3235	27.05803	33.8306	148.48	710.28	7.9212	8.36401	96.4345	1.29	27.83	2.94	0.531	0.71	1.905	2.936	1.207	242604601.9	6.64	1054	1746.052632	86.12971614	3.56499947	1054		405
I.15m.0.2	I_15m_0.2	I	Offshore	DCM	0.2	pico	3	-67.14611	-69.55961	324.352576	498	14.85	61.374	83.148	21.78	0.2	-1.5	-1.8488	26.699277	33.923	19.711	161.01	7.0367	8.47763	99.3833	1.23	29.97	3.07	0.1921	0.27	 	 	 	 	1.03	1247	1872.337662	72.27501004	3.786896339	1247	1524	1401
I.Surf.0.2	I_Surf_0.2	I	Offshore	Surf	0.2	pico	3	-67.14599	-69.55949	324.353528	498	0.992	61.374	83.148	21.78	0.2	-1.5	-1.8455	26.695918	33.9235	76.742	173.51	7.0374	8.47684	99.3374	1.22	29.61	2.94	0.1177	0.28	 	 	 	 	0.92	1273	1930.359649	75.52649248	3.85989971	1273	1543	1518
J.DCM.0.2	J_DCM_0.2	J	Marguerite	DCM	0.2	pico	4	-67.78963	-68.65456	325.341176	135	43.556	37.616	39.596	36.626	0	-8.1	-1.4284	26.813532	33.5853	0.40068	144.71	7.6969	8.40224	95.5779	1.29	27.65	3.03	2.4407	0.98	2.471	3.088	2.69	101621380.1	4.1	1067	1564.455814	61.52735605	3.45445022	1067	1235	947
J.Surf.0.2	J_Surf_0.2	J	Marguerite	Surf	0.2	pico	4	-67.78968	-68.65465	325.344048	135	0.99	37.616	39.596	36.626	0	-8.1	-1.6225	26.599683	33.5356	56.368	126.01	7.9261	8.44924	95.4302	1.29	25.86	2.81	1.7987	1.15	4.482	7.222	4.424	91582185.84	7.51	886	1319.976879	58.84682653	3.07408993	886	1178	1086
K.DCM.0.2	K_DCM_0.2	K	Marguerite	DCM	0.2	pico	4	-67.65829	-67.93405	327.359695	746	40.59	27.717	46.525	9.9	0	-1.3	-1.5284	26.704423	33.5493	1.7125	133.09	7.3931	8.42702	97.0993	1.27	26.22	2.85	1.4492	0.96	3.08	4.22	1.007	140446367.9	5.85	1064	1638.036458	71.35625915	3.40534491	1064	1560	1044
K.Surf.0.2	K_Surf_0.2	K	Marguerite	Surf	0.2	pico	4	-67.6584	-67.93331	327.362191	746	1.979	27.717	46.525	9.9	0	-1.3	-1.6001	26.58051	33.483	75.453	161.14	7.6214	8.44728	97.148	1.27	25.68	3.21	0.9297	0.87	3.041	4.697	1.309	120804245.7	6.68	952	1611.173077	85.22525159	2.99065718	952	1392	1023
L.DCM.0.2	L_DCM_0.2	L	Marguerite	DCM	0.2	pico	4	-67.94018	-67.65356	329.341978	276	23.761	34.649	49.494	6.929	0	-1.5	-1.7649	26.456894	33.4835	6.2172	178.08	7.6248	8.48494	97.5588	1.28	25.5	2.94	1.3021	1	3.07	4.021	2.388	213082488.4	9.3	875	1366.2875	66.54611207	2.856007828	875	1377	1153
L.Surf.0.2	L_Surf_0.2	L	Marguerite	Surf	0.2	pico	4	-67.94032	-67.6533	329.34521	276	2.975	34.649	49.494	6.929	0	-1.5	-1.7608	26.447172	33.4787	61.547	177.21	7.6582	8.48431	97.4935	1.3	25.5	2.63	1.0391	1.04	5.69	5.61	1.728	203156324.9	8.82	933	1392.319767	61.68036303	3.171968897	933	1451	906
M.DCM.0.2	M_DCM_0.2	M	Marguerite	DCM	0.2	pico	4	-68.04667	-68.29851	331.354209	552	35.642	42.565	38.61	40.584	0.1	-1.3	-1.5433	26.698413	33.5609	0.75446	387.19	7.8021	8.4297	96.4367	1.3	26.58	3.03	2.4942	1.27	4.284	5.747	1.417	156973250.7	8.68	872	1454.726027	78.67269098	2.803677057	872	1072	720
M.Surf.0.2	M_Surf_0.2	M	Marguerite	Surf	0.2	pico	4	-68.04677	-68.29948	331.356271	552	1.983	42.565	38.61	40.584	0.1	-1.3	-1.5062	26.704907	33.5494	45.282	447.86	7.9347	8.42197	95.9231	1.31	25.68	2.94	1.9687	1.6	4.13	5.961	1.425	186121911.4	8.41	849	1346.94	68.6239084	3.203789426	849	1352	964
N.DCM.0.2	N_DCM_0.2	N	Gerlache	DCM	0.2	pico	0	-64.84691	-62.93009	337.343846	281	8.911	13.86	41.585	7.92	0	0.8	0.3114	28.701779	34.2004	6.5371	39.364	6.226	7.99009	92.4206	1.2	29.97	3.16	2.0596	1.88	15.221	14.156	7.168	263494850.5	5.12							
N.Surf.0.2	N_Surf_0.2	N	Gerlache	Surf	0.2	pico	0	-64.84692	-62.92976	337.345697	281	0.99	13.86	41.585	7.92	0	0.8	0.548	28.787039	34.0546	23.285	38.939	6.5623	7.94934	93.1272	1.21	30.15	3.25	1.4045	1.56	14.728	14.926	10.98	230782393.7	5.88							
O.Bucket.0.2	O_Bucket_0.2	O	Offshore	Bucket	0.2	pico	3	-66.70944	-68.53136	339.366202	670	0.991	29.699	47.519	17.821	1	-1.5	-1.7393	26.639219	33.723	106.36	238.05	7.3148	8.46463	98.1268	 	 	 	0.4453	0.24	0.429	1.674	 	249931148.9	2.98	1123	1680.5	71.32705718	4.165303639	1123	1696	1202
O.DCM.0.2	O_DCM_0.2	O	Offshore	DCM	0.2	pico	3	-66.70932	-68.53142	339.363789	670	35.639	29.699	47.519	17.821	1	-1.5	-1.7034	26.771651	33.8442	2.9911	234.31	7.2294	8.44912	98.3499	1.25	28.9	3.21	0.5333	0.31	0.873	1.458	0.899	250729013.7	2.03	1050	2054.131579	122.0666338	3.167639297	1050	1305	1370
O.Surf.0.2	O_Surf_0.2	O	Offshore	Surf	0.2	pico	3	-66.70942	-68.53137	339.365783	670	1.984	29.699	47.519	17.821	1	-1.5	-1.7406	26.638276	33.7225	83.533	237.45	7.3106	8.46494	98.1612	1.3	29.08	3.16	0.4607	0.36	0.65	2.128	0.882	258109263.1	3.82	1256	1896.924686	72.96442543	3.894580811	1256	1111	1262
P.DCM.0.2	P_DCM_0.2	P	Offshore	DCM	0.2	pico	3	-65.8862	-67.76446	341.352561	500	55.44	11.881	50.49	46.531	0.2	-1.4	-1.5239	27.024997	33.9783	1.8563	839.9	6.7549	8.40032	98.9251	1.2	30.33	3.3	0.2718	0.16	0.416	0.577	0.238	81855941.92	0.88	812	1260.156028	64.23002315	3.278086137	812	1240	979
P.Surf.0.2	P_Surf_0.2	P	Offshore	Surf	0.2	pico	3	-65.88616	-67.7645	341.354597	500	1.979	11.881	50.49	46.531	0.2	-1.4	-1.6993	26.535966	33.5333	160.34	778.84	7.3983	8.46692	98.1192	1.43	28.54	2.94	0.2104	0.33	0.6	1.298	1.212	146258591.3	7.79	1230	1723.004032	58.62714097	4.31115604	1230	1417	934
Q.Bucket.0.2	Q_Bucket_0.2	Q	Palmer	Bucket	0.2	pico	1	-64.9525	-64.32359	342.345428	1400	0.991	11.884	53.464	3.96	0.9	-1.5	-1.7024	26.269943	33.1677	102.91	200.56	7.5529	8.48969	95.8166	 	 	 	1.1885	1.25	3.616	11.09	 	134539952.1	13.2	944	1363.430168	56.70139727	3.540042552	944	754	732
Q.DCM.0.2	Q_DCM_0.2	Q	Palmer	DCM	0.2	pico	1	-64.95231	-64.32317	342.34394	1400	16.831	11.884	53.464	3.96	0.9	-1.5	-1.5961	26.544919	33.419	14.55	197.12	7.2381	8.45045	97.3047	1.45	29.08	3.3	1.1923	0.77	1.546	2.976	2.7836	162564953.2	15.5	1022	1621.564706	76.74610346	3.579629553	1022	1335	710
Q.Surf.0.2	Q_Surf_0.2	Q	Palmer	Surf	0.2	pico	1	-64.95244	-64.32338	342.344816	1400	1.982	11.884	53.464	3.96	0.9	-1.5	-1.71	26.262679	33.1656	76.737	200.15	7.542	8.49158	95.9062	1.46	27.65	3.3	1.0727	1	1.253	6.886	4.848	246540223.5	7.19	896	1330.183007	61.07239261	3.416127767	896	1023	667
R.16m.0.2	R_16m_0.2	R	Gerlache	DCM	0.2	pico	0	-64.84432	-62.9425	343.781568	292	13.866	17.825	28.715	10.893	0.1	1.5	0.1817	28.375764	33.9121	33.999	1109	7.431	8.03327	88.0567	1.28	28.72	3.07	3.7584	1.47	 	 	 	 	11.8	942	1332.206897	53.99308978	3.576930286	942	1004	749
R.Surf.0.2	R_Surf_0.2	R	Gerlache	Surf	0.2	pico	0	-64.8443	-62.94252	343.782338	292	0.992	17.825	28.715	10.893	0.1	1.5	0.8605	28.844893	33.787	473.69	1108.1	7.7837	7.90026	84.138	1.21	26.22	2.9	1.7747	3.25	 	 	 	 	11.3	500	840.5405405	62.90720645	2.182461903	500	928	957
B.Surf.5	B_Surf_5	B	Palmer	Surf	5	nano	1	-64.82037	-64.07356	312.875765	640	0.989	15.842	38.615	16.833	0.9	-1.2	-1.3715	27.037426	33.8567	827.51	472.37	5.9068	8.37324	98.7673	 	 	 	0.3114	 	 	 	 	 	5.56	1037	1872.870787	99.33225883	2.874742297	1029	1037	687
C.DCM.5	C_DCM_5	C	Palmer	DCM	5	nano	1	-64.89636	-64.2025	315.479641	799	29.703	11.882	53.464	40.595	1	-1.4	-1.3452	27.08685	33.8767	37.213	741.52	6.75	8.36615	98.8663	1.35	31.4	3.07	0.3728	0.22	0.626	1.222	0.238	155286703.5	1.68	1386	2233.751908	88.86370321	3.560742651	1032	1386	714
C.Surf.5	C_Surf_5	C	Palmer	Surf	5	nano	1	-64.89646	-64.2025	315.480951	799	0.991	11.882	53.464	40.595	1	-1.4	-1.6132	26.647564	33.5915	622.9	716.75	7.1019	8.44376	98.4833	1.48	30.86	3.03	0.2463	0.43	1.041	1.826	0.973	142558493.3	7.85	1366	2276.338983	97.30278048	4.041251646	1112	1366	676
D.50m.5	D_50m_5	D	Palmer	DCM	5	nano	1	-64.95172	-64.30877	315.97204	1405	49.506	14.852	55.445	13.863	0.9	-1.5	-1.6027	26.944004	33.9598	1.7614	146.7	7.2197	8.41926	99.4372	 	 	 	0.2312	 	 	 	 	 	1.61	728	1286.6	84.56677716	2.332875459	1130	728	697
D.15m.5	D_15m_5	D	Palmer	Surf	5	nano	1	-64.9517	-64.30869	315.973227	1405	14.852	14.852	55.445	13.863	0.9	-1.5	-1.794	26.635827	33.7716	21.099	142.06	7.2513	8.47421	99.0989	 	 	 	0.3166	 	 	 	 	 	5.01	1090	1884.9375	92.99587728	3.21381713	1177	1090	742
E.DCM.5	E_DCM_5	E	Grandidier	DCM	5	nano	2	-65.23862	-64.19868	317.344075	175	14.852	17.825	58.412	6.933	0.7	-1.2	-1.4048	26.8726	33.6584	10.259	84.55	6.4325	8.39255	98.5756	1.31	30.51	3.16	0.4742	0.33	1.051	1.481	0.467	122173047.6	2.26	1479	2485.638462	102.4462316	3.721347102	1296	1479	452
E.Surf.5	E_Surf_5	E	Grandidier	Surf	5	nano	2	-65.2386	-64.19871	317.3457	175	0.992	17.825	58.412	6.933	0.7	-1.2	-1.407	26.863202	33.6567	45.909	93.36	6.5109	8.39314	98.5552	1.33	30.86	2.94	0.4204	0.39	1.091	1.79	0.737	92386095.07	3.26	1382	2334.945378	100.7463411	3.720462137	1277	1382	506
G.DCM.5	G_DCM_5	G	Grandidier	DCM	5	nano	2	-65.49264	-64.54692	319.341426	175	34.652	13.862	70.289	8.91	0.7	-1.5	-1.4408	27.040816	33.9186	4.0854	126.57	6.3669	8.38514	99.0836	1.22	30.69	3.25	0.1776	0.1	0.39	0.354	0.202	111458665.3	0.61	363	814.0784314	90.36357645	2.394642755	966	363	692
G.Surf.5	G_Surf_5	G	Grandidier	Surf	5	nano	2	-65.49254	-64.547	319.34335	175	0.991	13.862	70.289	8.91	0.7	-1.5	-1.6492	26.749904	33.7745	64.818	143.25	6.4775	8.44097	98.967	1.3	30.15	3.16	0.1779	0.19	0.296	0.475	0.457	108744279	1.16	1306	2260.004739	104.8286807	3.674215224	1177	1306	923
H.DCM.5	H_DCM_5	H	Offshore	DCM	5	nano	3	-65.00782	-66.3749	323.351825	432	29.703	19.802	52.474	32.675	0	-1.1	-1.2309	27.234178	33.9495	6.1034	689.81	7.7771	8.33626	97.6316	1.3	28.54	3.39	0.8836	0.46	3.385	4.39	3.372	223402144.3	4.19	1209	1937.072165	86.25273039	4.088066821	1139	1209	600
I.15m.5	I_15m_5	I	Offshore	DCM	5	nano	3	-67.14611	-69.55961	324.352576	498	14.85	61.374	83.148	21.78	0.2	-1.5	-1.8488	26.699277	33.923	19.711	161.01	7.0367	8.47763	99.3833	1.23	29.97	3.07	0.1921	0.27	 	 	 	 	1.03	1524	2443.296429	92.95925782	3.99067778	1247	1524	1401
I.Surf.5	I_Surf_5	I	Offshore	Surf	5	nano	3	-67.14599	-69.55949	324.353528	498	0.992	61.374	83.148	21.78	0.2	-1.5	-1.8455	26.695918	33.9235	76.742	173.51	7.0374	8.47684	99.3374	1.22	29.61	2.94	0.1177	0.28	 	 	 	 	0.92	1543	2507.930909	97.23316376	4.059653264	1273	1543	1518
J.DCM.5	J_DCM_5	J	Marguerite	DCM	5	nano	4	-67.78963	-68.65456	325.341176	135	43.556	37.616	39.596	36.626	0	-8.1	-1.4284	26.813532	33.5853	0.40068	144.71	7.6969	8.40224	95.5779	1.29	27.65	3.03	2.4407	0.98	2.471	3.088	2.69	101621380.1	4.1	1235	1887.260274	75.97953515	4.030418681	1067	1235	947
J.Surf.5	J_Surf_5	J	Marguerite	Surf	5	nano	4	-67.78968	-68.65465	325.344048	135	0.99	37.616	39.596	36.626	0	-8.1	-1.6225	26.599683	33.5356	56.368	126.01	7.9261	8.44924	95.4302	1.29	25.86	2.81	1.7987	1.15	4.482	7.222	4.424	91582185.84	7.51	1178	1778.837838	70.83895548	4.048474704	886	1178	1086
K.DCM.5	K_DCM_5	K	Marguerite	DCM	5	nano	4	-67.65829	-67.93405	327.359695	746	40.59	27.717	46.525	9.9	0	-1.3	-1.5284	26.704423	33.5493	1.7125	133.09	7.3931	8.42702	97.0993	1.27	26.22	2.85	1.4492	0.96	3.08	4.22	1.007	140446367.9	5.85	1560	2686.748201	109.9868779	4.451485397	1064	1560	1044
K.Surf.5	K_Surf_5	K	Marguerite	Surf	5	nano	4	-67.6584	-67.93331	327.362191	746	1.979	27.717	46.525	9.9	0	-1.3	-1.6001	26.58051	33.483	75.453	161.14	7.6214	8.44728	97.148	1.27	25.68	3.21	0.9297	0.87	3.041	4.697	1.309	120804245.7	6.68	1392	2224.593625	88.74525398	4.172707725	952	1392	1023
L.DCM.5	L_DCM_5	L	Marguerite	DCM	5	nano	4	-67.94018	-67.65356	329.341978	276	23.761	34.649	49.494	6.929	0	-1.5	-1.7649	26.456894	33.4835	6.2172	178.08	7.6248	8.48494	97.5588	1.28	25.5	2.94	1.3021	1	3.07	4.021	2.388	213082488.4	9.3	1377	2243.231405	92.69870682	4.091070185	875	1377	1153
L.Surf.5	L_Surf_5	L	Marguerite	Surf	5	nano	4	-67.94032	-67.6533	329.34521	276	2.975	34.649	49.494	6.929	0	-1.5	-1.7608	26.447172	33.4787	61.547	177.21	7.6582	8.48431	97.4935	1.3	25.5	2.63	1.0391	1.04	5.69	5.61	1.728	203156324.9	8.82	1451	2259.717949	84.47212504	4.312659902	933	1451	906
M.DCM.5	M_DCM_5	M	Marguerite	DCM	5	nano	4	-68.04667	-68.29851	331.354209	552	35.642	42.565	38.61	40.584	0.1	-1.3	-1.5433	26.698413	33.5609	0.75446	387.19	7.8021	8.4297	96.4367	1.3	26.58	3.03	2.4942	1.27	4.284	5.747	1.417	156973250.7	8.68	1072	1829.875	91.95284429	3.729602243	872	1072	720
M.Surf.5	M_Surf_5	M	Marguerite	Surf	5	nano	4	-68.04677	-68.29948	331.356271	552	1.983	42.565	38.61	40.584	0.1	-1.3	-1.5062	26.704907	33.5494	45.282	447.86	7.9347	8.42197	95.9231	1.31	25.68	2.94	1.9687	1.6	4.13	5.961	1.425	186121911.4	8.41	1352	2165.777293	89.64097787	4.227551261	849	1352	964
N.DCM.5	N_DCM_5	N	Gerlache	DCM	5	nano	0	-64.84691	-62.93009	337.343846	281	8.911	13.86	41.585	7.92	0	0.8	0.3114	28.701779	34.2004	6.5371	39.364	6.226	7.99009	92.4206	1.2	29.97	3.16	2.0596	1.88	15.221	14.156	7.168	263494850.5	5.12							
N.Surf.5	N_Surf_5	N	Gerlache	Surf	5	nano	0	-64.84692	-62.92976	337.345697	281	0.99	13.86	41.585	7.92	0	0.8	0.548	28.787039	34.0546	23.285	38.939	6.5623	7.94934	93.1272	1.21	30.15	3.25	1.4045	1.56	14.728	14.926	10.98	230782393.7	5.88							
O.Bucket.5	O_Bucket_5	O	Offshore	Bucket	5	nano	3	-66.70944	-68.53136	339.366202	670	0.991	29.699	47.519	17.821	1	-1.5	-1.7393	26.639219	33.723	106.36	238.05	7.3148	8.46463	98.1268	 	 	 	0.4453	0.24	0.429	1.674	 	249931148.9	2.98	1696	2848.593443	108.789263	4.211942332	1123	1696	1202
O.DCM.5	O_DCM_5	O	Offshore	DCM	5	nano	3	-66.70932	-68.53142	339.363789	670	35.639	29.699	47.519	17.821	1	-1.5	-1.7034	26.771651	33.8442	2.9911	234.31	7.2294	8.44912	98.3499	1.25	28.9	3.21	0.5333	0.31	0.873	1.458	0.899	250729013.7	2.03	1305	2428.040816	123.020997	4.032246532	1050	1305	1370
O.Surf.5	O_Surf_5	O	Offshore	Surf	5	nano	3	-66.70942	-68.53137	339.365783	670	1.984	29.699	47.519	17.821	1	-1.5	-1.7406	26.638276	33.7225	83.533	237.45	7.3106	8.46494	98.1612	1.3	29.08	3.16	0.4607	0.36	0.65	2.128	0.882	258109263.1	3.82	1111	1923.052632	94.95840643	3.727946401	1256	1111	1262
P.DCM.5	P_DCM_5	P	Offshore	DCM	5	nano	3	-65.8862	-67.76446	341.352561	500	55.44	11.881	50.49	46.531	0.2	-1.4	-1.5239	27.024997	33.9783	1.8563	839.9	6.7549	8.40032	98.9251	1.2	30.33	3.3	0.2718	0.16	0.416	0.577	0.238	81855941.92	0.88	1240	1973.788462	84.92227903	4.060155969	812	1240	979
P.Surf.5	P_Surf_5	P	Offshore	Surf	5	nano	3	-65.88616	-67.7645	341.354597	500	1.979	11.881	50.49	46.531	0.2	-1.4	-1.6993	26.535966	33.5333	160.34	778.84	7.3983	8.46692	98.1192	1.43	28.54	2.94	0.2104	0.33	0.6	1.298	1.212	146258591.3	7.79	1417	2302.83004	93.09603727	4.072182834	1230	1417	934
Q.Bucket.5	Q_Bucket_5	Q	Palmer	Bucket	5	nano	1	-64.9525	-64.32359	342.345428	1400	0.991	11.884	53.464	3.96	0.9	-1.5	-1.7024	26.269943	33.1677	102.91	200.56	7.5529	8.48969	95.8166	 	 	 	1.1885	1.25	3.616	11.09	 	134539952.1	13.2	754	1035.189189	43.70322039	3.141564647	944	754	732
Q.DCM.5	Q_DCM_5	Q	Palmer	DCM	5	nano	1	-64.95231	-64.32317	342.34394	1400	16.831	11.884	53.464	3.96	0.9	-1.5	-1.5961	26.544919	33.419	14.55	197.12	7.2381	8.45045	97.3047	1.45	29.08	3.3	1.1923	0.77	1.546	2.976	2.7836	162564953.2	15.5	1335	2066.279528	79.62928211	4.071086645	1022	1335	710
Q.Surf.5	Q_Surf_5	Q	Palmer	Surf	5	nano	1	-64.95244	-64.32338	342.344816	1400	1.982	11.884	53.464	3.96	0.9	-1.5	-1.71	26.262679	33.1656	76.737	200.15	7.542	8.49158	95.9062	1.46	27.65	3.3	1.0727	1	1.253	6.886	4.848	246540223.5	7.19	1023	1444.994764	55.90901068	3.804936837	896	1023	667
R.16m.5	R_16m_5	R	Gerlache	DCM	5	nano	0	-64.84432	-62.9425	343.781568	292	13.866	17.825	28.715	10.893	0.1	1.5	0.1817	28.375764	33.9121	33.999	1109	7.431	8.03327	88.0567	1.28	28.72	3.07	3.7584	1.47	 	 	 	 	11.8	1004	1494.321637	65.10975083	3.689355128	942	1004	749
R.Surf.5	R_Surf_5	R	Gerlache	Surf	5	nano	0	-64.8443	-62.94252	343.782338	292	0.992	17.825	28.715	10.893	0.1	1.5	0.8605	28.844893	33.787	473.69	1108.1	7.7837	7.90026	84.138	1.21	26.22	2.9	1.7747	3.25	 	 	 	 	11.3	928	1470.666667	73.13719527	3.541834282	500	928	957
A.DCM.20	A_DCM_20	A	Gerlache	DCM	20	micro	0	-64.54076	-62.37334	310.483787	740	45.545	24.754	49.505	30.694	0	-0.5	-0.4028	28.113623	34.1966	13.928	1085.2	6.2321	8.14088	98.5873	1.27	30.87	3.29	0.7392	0.52	 	 	 	158413839.9	3.64	462	737.3424658	53.06505028	1.768588003	1120		462
A.Surf.20	A_Surf_20	A	Gerlache	Surf	20	micro	0	-64.54078	-62.3734	310.486717	740	0.991	24.754	49.505	30.694	0	-0.5	-0.6311	27.769273	34.018	965.28	920.13	7.0067	8.20035	97.8965	1.38	29.97	3.03	0.1508	0.5	 	 	 	136414934.3	4.07	618	1095.12766	76.93272549	2.117307408	1294		618
B.Surf.20	B_Surf_20	B	Palmer	Surf	20	micro	1	-64.82037	-64.07356	312.875765	640	0.989	15.842	38.615	16.833	0.9	-1.2	-1.3715	27.037426	33.8567	827.51	472.37	5.9068	8.37324	98.7673	 	 	 	0.3114	 	 	 	 	 	5.56	687	1160.298246	71.78367296	2.622111336	1029	1037	687
C.DCM.20	C_DCM_20	C	Palmer	DCM	20	micro	1	-64.89636	-64.2025	315.479641	799	29.703	11.882	53.464	40.595	1	-1.4	-1.3452	27.08685	33.8767	37.213	741.52	6.75	8.36615	98.8663	1.35	31.4	3.07	0.3728	0.22	0.626	1.222	0.238	155286703.5	1.68	714	1166.375	68.05562954	2.59674609	1032	1386	714
C.Surf.20	C_Surf_20	C	Palmer	Surf	20	micro	1	-64.89646	-64.2025	315.480951	799	0.991	11.882	53.464	40.595	1	-1.4	-1.6132	26.647564	33.5915	622.9	716.75	7.1019	8.44376	98.4833	1.48	30.86	3.03	0.2463	0.43	1.041	1.826	0.973	142558493.3	7.85	676	978.4503817	47.93283793	3.05609652	1112	1366	676
D.50m.20	D_50m_20	D	Palmer	DCM	20	micro	1	-64.95172	-64.30877	315.97204	1405	49.506	14.852	55.445	13.863	0.9	-1.5	-1.6027	26.944004	33.9598	1.7614	146.7	7.2197	8.41926	99.4372	 	 	 	0.2312	 	 	 	 	 	1.61	697	1130.65	69.66979616	2.76353685	1130	728	697
D.15m.20	D_15m_20	D	Palmer	Surf	20	micro	1	-64.9517	-64.30869	315.973227	1405	14.852	14.852	55.445	13.863	0.9	-1.5	-1.794	26.635827	33.7716	21.099	142.06	7.2513	8.47421	99.0989	 	 	 	0.3166	 	 	 	 	 	5.01	742	1100.057554	53.86794892	2.895042049	1177	1090	742
E.DCM.20	E_DCM_20	E	Grandidier	DCM	20	micro	2	-65.23862	-64.19868	317.344075	175	14.852	17.825	58.412	6.933	0.7	-1.2	-1.4048	26.8726	33.6584	10.259	84.55	6.4325	8.39255	98.5756	1.31	30.51	3.16	0.4742	0.33	1.051	1.481	0.467	122173047.6	2.26	452	755.88	57.03346258	1.572198337	1296	1479	452
E.Surf.20	E_Surf_20	E	Grandidier	Surf	20	micro	2	-65.2386	-64.19871	317.3457	175	0.992	17.825	58.412	6.933	0.7	-1.2	-1.407	26.863202	33.6567	45.909	93.36	6.5109	8.39314	98.5552	1.33	30.86	2.94	0.4204	0.39	1.091	1.79	0.737	92386095.07	3.26	506	836.04	61.03796891	1.974648284	1277	1382	506
G.DCM.20	G_DCM_20	G	Grandidier	DCM	20	micro	2	-65.49264	-64.54692	319.341426	175	34.652	13.862	70.289	8.91	0.7	-1.5	-1.4408	27.040816	33.9186	4.0854	126.57	6.3669	8.38514	99.0836	1.22	30.69	3.25	0.1776	0.1	0.39	0.354	0.202	111458665.3	0.61	692	1042.628319	56.38255829	2.957071584	966	363	692
G.Surf.20	G_Surf_20	G	Grandidier	Surf	20	micro	2	-65.49254	-64.547	319.34335	175	0.991	13.862	70.289	8.91	0.7	-1.5	-1.6492	26.749904	33.7745	64.818	143.25	6.4775	8.44097	98.967	1.3	30.15	3.16	0.1779	0.19	0.296	0.475	0.457	108744279	1.16	923	1376.790541	63.92438244	3.312860712	1177	1306	923
H.DCM.20	H_DCM_20	H	Offshore	DCM	20	micro	3	-65.00782	-66.3749	323.351825	432	29.703	19.802	52.474	32.675	0	-1.1	-1.2309	27.234178	33.9495	6.1034	689.81	7.7771	8.33626	97.6316	1.3	28.54	3.39	0.8836	0.46	3.385	4.39	3.372	223402144.3	4.19	600	1020.875	73.09614091	2.397235888	1139	1209	600
H.Surf.20	H_Surf_20	H	Offshore	Surf	20	micro	3	-65.0079	-66.37487	323.353249	432	0.989	19.802	52.474	32.675	0	-1.1	-1.3235	27.05803	33.8306	148.48	710.28	7.9212	8.36401	96.4345	1.29	27.83	2.94	0.531	0.71	1.905	2.936	1.207	242604601.9	6.64	405	599.8333333	40.29812311	1.623641667	1054		405
I.15m.20	I_15m_20	I	Offshore	DCM	20	micro	3	-67.14611	-69.55961	324.352576	498	14.85	61.374	83.148	21.78	0.2	-1.5	-1.8488	26.699277	33.923	19.711	161.01	7.0367	8.47763	99.3833	1.23	29.97	3.07	0.1921	0.27	 	 	 	 	1.03	1401	1987.082988	67.77144038	4.927153919	1247	1524	1401
I.Surf.20	I_Surf_20	I	Offshore	Surf	20	micro	3	-67.14599	-69.55949	324.353528	498	0.992	61.374	83.148	21.78	0.2	-1.5	-1.8455	26.695918	33.9235	76.742	173.51	7.0374	8.47684	99.3374	1.22	29.61	2.94	0.1177	0.28	 	 	 	 	0.92	1518	2188.559567	72.39715721	4.863772102	1273	1543	1518
J.DCM.20	J_DCM_20	J	Marguerite	DCM	20	micro	4	-67.78963	-68.65456	325.341176	135	43.556	37.616	39.596	36.626	0	-8.1	-1.4284	26.813532	33.5853	0.40068	144.71	7.6969	8.40224	95.5779	1.29	27.65	3.03	2.4407	0.98	2.471	3.088	2.69	101621380.1	4.1	947	1504.182927	73.1222096	3.753613104	1067	1235	947
J.Surf.20	J_Surf_20	J	Marguerite	Surf	20	micro	4	-67.78968	-68.65465	325.344048	135	0.99	37.616	39.596	36.626	0	-8.1	-1.6225	26.599683	33.5356	56.368	126.01	7.9261	8.44924	95.4302	1.29	25.86	2.81	1.7987	1.15	4.482	7.222	4.424	91582185.84	7.51	1086	1668.552632	72.43979392	3.899264369	886	1178	1086
K.DCM.20	K_DCM_20	K	Marguerite	DCM	20	micro	4	-67.65829	-67.93405	327.359695	746	40.59	27.717	46.525	9.9	0	-1.3	-1.5284	26.704423	33.5493	1.7125	133.09	7.3931	8.42702	97.0993	1.27	26.22	2.85	1.4492	0.96	3.08	4.22	1.007	140446367.9	5.85	1044	1485.945274	57.13629571	3.956926108	1064	1560	1044
K.Surf.20	K_Surf_20	K	Marguerite	Surf	20	micro	4	-67.6584	-67.93331	327.362191	746	1.979	27.717	46.525	9.9	0	-1.3	-1.6001	26.58051	33.483	75.453	161.14	7.6214	8.44728	97.148	1.27	25.68	3.21	0.9297	0.87	3.041	4.697	1.309	120804245.7	6.68	1023	1623.494186	76.56239705	3.893409133	952	1392	1023
L.DCM.20	L_DCM_20	L	Marguerite	DCM	20	micro	4	-67.94018	-67.65356	329.341978	276	23.761	34.649	49.494	6.929	0	-1.5	-1.7649	26.456894	33.4835	6.2172	178.08	7.6248	8.48494	97.5588	1.28	25.5	2.94	1.3021	1	3.07	4.021	2.388	213082488.4	9.3	1153	1574.438525	52.10247899	4.204368214	875	1377	1153
L.Surf.20	L_Surf_20	L	Marguerite	Surf	20	micro	4	-67.94032	-67.6533	329.34521	276	2.975	34.649	49.494	6.929	0	-1.5	-1.7608	26.447172	33.4787	61.547	177.21	7.6582	8.48431	97.4935	1.3	25.5	2.63	1.0391	1.04	5.69	5.61	1.728	203156324.9	8.82	906	1462.037736	73.70796344	3.932359704	933	1451	906
M.DCM.20	M_DCM_20	M	Marguerite	DCM	20	micro	4	-68.04667	-68.29851	331.354209	552	35.642	42.565	38.61	40.584	0.1	-1.3	-1.5433	26.698413	33.5609	0.75446	387.19	7.8021	8.4297	96.4367	1.3	26.58	3.03	2.4942	1.27	4.284	5.747	1.417	156973250.7	8.68	720	1069.035971	52.78318303	3.087146855	872	1072	720
M.Surf.20	M_Surf_20	M	Marguerite	Surf	20	micro	4	-68.04677	-68.29948	331.356271	552	1.983	42.565	38.61	40.584	0.1	-1.3	-1.5062	26.704907	33.5494	45.282	447.86	7.9347	8.42197	95.9231	1.31	25.68	2.94	1.9687	1.6	4.13	5.961	1.425	186121911.4	8.41	964	1395.182796	57.31100986	3.655230556	849	1352	964
N.DCM.20	N_DCM_20	N	Gerlache	DCM	20	micro	0	-64.84691	-62.93009	337.343846	281	8.911	13.86	41.585	7.92	0	0.8	0.3114	28.701779	34.2004	6.5371	39.364	6.226	7.99009	92.4206	1.2	29.97	3.16	2.0596	1.88	15.221	14.156	7.168	263494850.5	5.12							
N.Surf.20	N_Surf_20	N	Gerlache	Surf	20	micro	0	-64.84692	-62.92976	337.345697	281	0.99	13.86	41.585	7.92	0	0.8	0.548	28.787039	34.0546	23.285	38.939	6.5623	7.94934	93.1272	1.21	30.15	3.25	1.4045	1.56	14.728	14.926	10.98	230782393.7	5.88							
O.Bucket.20	O_Bucket_20	O	Offshore	Bucket	20	micro	3	-66.70944	-68.53136	339.366202	670	0.991	29.699	47.519	17.821	1	-1.5	-1.7393	26.639219	33.723	106.36	238.05	7.3148	8.46463	98.1268	 	 	 	0.4453	0.24	0.429	1.674	 	249931148.9	2.98	1202	1729.954545	62.3121397	4.206916999	1123	1696	1202
O.DCM.20	O_DCM_20	O	Offshore	DCM	20	micro	3	-66.70932	-68.53142	339.363789	670	35.639	29.699	47.519	17.821	1	-1.5	-1.7034	26.771651	33.8442	2.9911	234.31	7.2294	8.44912	98.3499	1.25	28.9	3.21	0.5333	0.31	0.873	1.458	0.899	250729013.7	2.03	1370	2105.14876	81.15597167	4.493285293	1050	1305	1370
O.Surf.20	O_Surf_20	O	Offshore	Surf	20	micro	3	-66.70942	-68.53137	339.365783	670	1.984	29.699	47.519	17.821	1	-1.5	-1.7406	26.638276	33.7225	83.533	237.45	7.3106	8.46494	98.1612	1.3	29.08	3.16	0.4607	0.36	0.65	2.128	0.882	258109263.1	3.82	1262	2034.094595	86.7257977	4.317532832	1256	1111	1262
P.DCM.20	P_DCM_20	P	Offshore	DCM	20	micro	3	-65.8862	-67.76446	341.352561	500	55.44	11.881	50.49	46.531	0.2	-1.4	-1.5239	27.024997	33.9783	1.8563	839.9	6.7549	8.40032	98.9251	1.2	30.33	3.3	0.2718	0.16	0.416	0.577	0.238	81855941.92	0.88	979	1364.875	55.68250163	3.95688257	812	1240	979
P.Surf.20	P_Surf_20	P	Offshore	Surf	20	micro	3	-65.88616	-67.7645	341.354597	500	1.979	11.881	50.49	46.531	0.2	-1.4	-1.6993	26.535966	33.5333	160.34	778.84	7.3983	8.46692	98.1192	1.43	28.54	2.94	0.2104	0.33	0.6	1.298	1.212	146258591.3	7.79	934	1469.034483	69.48004433	3.44426775	1230	1417	934
Q.Bucket.20	Q_Bucket_20	Q	Palmer	Bucket	20	micro	1	-64.9525	-64.32359	342.345428	1400	0.991	11.884	53.464	3.96	0.9	-1.5	-1.7024	26.269943	33.1677	102.91	200.56	7.5529	8.48969	95.8166	 	 	 	1.1885	1.25	3.616	11.09	 	134539952.1	13.2	732	1144.125	63.08219947	3.196434894	944	754	732
Q.DCM.20	Q_DCM_20	Q	Palmer	DCM	20	micro	1	-64.95231	-64.32317	342.34394	1400	16.831	11.884	53.464	3.96	0.9	-1.5	-1.5961	26.544919	33.419	14.55	197.12	7.2381	8.45045	97.3047	1.45	29.08	3.3	1.1923	0.77	1.546	2.976	2.7836	162564953.2	15.5	710	1044.438356	50.291499	2.523074425	1022	1335	710
Q.Surf.20	Q_Surf_20	Q	Palmer	Surf	20	micro	1	-64.95244	-64.32338	342.344816	1400	1.982	11.884	53.464	3.96	0.9	-1.5	-1.71	26.262679	33.1656	76.737	200.15	7.542	8.49158	95.9062	1.46	27.65	3.3	1.0727	1	1.253	6.886	4.848	246540223.5	7.19	667	967.1239669	48.76244161	3.010587264	896	1023	667
R.16m.20	R_16m_20	R	Gerlache	DCM	20	micro	0	-64.84432	-62.9425	343.781568	292	13.866	17.825	28.715	10.893	0.1	1.5	0.1817	28.375764	33.9121	33.999	1109	7.431	8.03327	88.0567	1.28	28.72	3.07	3.7584	1.47	 	 	 	 	11.8	749	1046.439024	48.18213673	3.558918578	942	1004	749
R.Surf.20	R_Surf_20	R	Gerlache	Surf	20	micro	0	-64.8443	-62.94252	343.782338	292	0.992	17.825	28.715	10.893	0.1	1.5	0.8605	28.844893	33.787	473.69	1108.1	7.7837	7.90026	84.138	1.21	26.22	2.9	1.7747	3.25	 	 	 	 	11.3	957	1433.05848	63.58520141	3.756348589	500	928	957
E.Bucket.nd	E_Bucket_nd	E	Grandidier	Bucket	 	 	2	-65.2386	-64.19871	317.3457	175	0.992	17.825	58.412	6.933	0.7	-1.2	-1.407	26.863202	33.6567	45.909	93.36	6.5109	8.39314	98.5552	 	 	 	0.4204	0.37	1.056	1.719	 	80750566.73	2.31							
